Year,males,females,total,state
2010,21490,23785,45275,Australia
2011,21831,23612,45443,Australia
2012,21242,23353,44595,Australia
2013,21236,22537,43773,Australia
2014,21641,23471,45112,Australia
2015,21898,23226,45124,Australia
2016,21855,22301,44156,Australia
2017,22124,22573,44697,Australia
2018,21347,21128,42475,Australia
2019,20979,20773,41752,Australia
2020,19194,18848,38042,Australia
