Year,males,females,total,state
2011,11741,9785,21526,Australia
2012,10954,9154,20108,Australia
2013,11024,8754,19778,Australia
2014,11106,9093,20199,Australia
2015,11172,8739,19911,Australia
2016,10954,8240,19194,Australia
2017,10632,8113,18745,Australia
2018,10438,7318,17756,Australia
2019,10822,7422,18244,Australia
2020,10040,6547,16587,Australia








